# oST version 5.0 parameters


[image]

width
1280

height
720

[narrow_stereo]

camera matrix
468.872326 0.000000 659.816849
0.000000 467.403773 435.026735
0.000000 0.000000 1.000000

distortion
0.029091 -0.026851 0.003104 -0.000859 0.000000

rectification
1.000000 0.000000 0.000000
0.000000 1.000000 0.000000
0.000000 0.000000 1.000000

projection
468.872314 0.000000 659.816842 0.000000
0.000000 470.122223 437.556878 0.000000
0.000000 0.000000 1.000000 0.000000
