image_width: 640
image_height: 480
camera_name: camera
camera_matrix:
  rows: 3
  cols: 3
  data: [ 362.393936, 0.000000, 282.684994,
		0.000000, 363.374654, 250.464652,
		0.000000, 0.000000, 1.000000     ]
camera_model: plumb_bob
distortion_coefficients:
  rows: 1
  cols: 5
  data: [-0.273956, 0.056341, -0.013022, -0.003117, 0.000000]
rectification_matrix:
  rows: 3
  cols: 3
  data: [ 1.,  0.,  0.,
          0.,  1.,  0.,
          0.,  0.,  1.]
projection_matrix:
  rows: 3
  cols: 4
  data: [ 266.707458, 0.000000, 259.661827, 0.000000,
0.000000, 310.446625, 242.687548, 0.000000,
0.000000, 0.000000, 1.000000, 0.000000
     ]





