image_width: 640
image_height: 480
camera_name: camera
camera_matrix:
  rows: 3
  cols: 3
  data: [ 374.396560, 0.000000, 300.116833,
0.000000, 372.731971, 256.310657,
0.000000, 0.000000, 1.000000]
camera_model: plumb_bob
distortion_coefficients:
  rows: 1
  cols: 5
  data: [-0.323153, 0.086808, -0.009810, -0.004916, 0.000000]
rectification_matrix:
  rows: 3
  cols: 3
  data: [ 1.,  0.,  0.,
          0.,  1.,  0.,
          0.,  0.,  1.]
projection_matrix:
  rows: 3
  cols: 4
  data: [ 277.810577, 0.000000, 290.184439, 0.000000,
0.000000, 313.330566, 254.294689, 0.000000,
0.000000, 0.000000, 1.000000, 0.000000]





