x=-16.4255371234
y=6.5150505717
rz=-0.952298033498
rww=0.305169551883
