x=8.0688341964
y=145.043681717
rz=0.999952131427
rww=0.0097844189824
