x=-16.4908028885
y=6.36760039856
rz=-0.935262007835
rww=0.353956179068
