x=-16.668004376
y=12.3718449329
rz=-0.342680592503
rww=0.939451974037
