x=-17.662739772
y=135.696670876
rz=0.968152578969
rww=0.250360907164
