x=-3.81746533084
y=1.35538754116
rz=0.027325785622
rww=0.999626580999
