x=2.04505695766
y=-2.16478460121
rz=-0.864065683085
rww=0.503379077153
