x=0.718109790617
y=-22.9870826552
rz=-0.615696827115
rww=0.787983132485
