x=0.334761951483
y=0.0572316295702
rz=0.113220938641
rww=0.993569836022
