x=18.0520823569
y=-19.3335753292
rz=-0.519806012635
rww=0.854284325754
