x=0.203994575023
y=-2.12386930422
rz=-0.769064234601
rww=0.639171497376
