x=6.07744319679
y=3.65821022527
rz=0.999249898748
rww=0.0387251836859
