x=-0.63661398883
y=2.58191403499
rz=0.987858426517
rww=0.155356780215
