x=-16.4089075073
y=6.42914541104
rz=-0.939039948607
rww=0.343808049527
