x=18.0821404792
y=-19.3905744084
rz=-0.516404664773
rww=0.856344686561
