x=-13.7233880727
y=78.4561205228
rz=0.935659677002
rww=0.352903625417
