x=-16.4989970782
y=6.38805210552
rz=-0.965155403141
rww=0.261677373473
