x=-8.43310830609
y=-17.8520815332
rz=0.859776622836
rww=0.510670303449
