x=-12.9651042664
y=15.9600961579
rz=-0.873678913139
rww=0.486502987386
