x=-31.9533449721
y=84.6121139918
rz=-0.955145537218
rww=0.296136797329
