x=-9.25073101203
y=-16.4809099106
rz=-0.0727137553053
rww=0.997352851196
