x=-11.9211575661
y=-1.94868030291
rz=0.385135456571
rww=0.922860054446
