x=110.619632765
y=112.055884317
rz=0.0230327830878
rww=0.999734710262
