x=-38.1989525109
y=87.1212587877
rz=-0.640441163258
rww=0.768007237209
