x=-7.72997099003
y=-13.5138688584
rz=0.16265544623
rww=0.986682930739
