x=-16.3103178733
y=6.51860934829
rz=-0.940848035905
rww=0.338828826007
