x=-18.3110221933
y=5.8865259362
rz=-0.626956294998
rww=0.779054429525
