x=-37.9059469261
y=86.865496037
rz=-0.752557599551
rww=0.658526430265
