x=-14.4264948273
y=11.2028823817
rz=-0.28155524763
rww=0.959545018502
