x=-16.375002288
y=6.44980187856
rz=-0.970250258309
rww=0.242104184705
