x=-0.597172541095
y=2.73056392133
rz=0.93829793804
rww=0.345827962244
