x=41.1843057113
y=-22.2386855434
rz=-0.0467289880372
rww=0.998907604174
