x=-44.7278115662
y=75.6184734125
rz=0.609081368993
rww=0.793107739179
