x=110.619635491
y=112.055884443
rz=0.023026355249
rww=0.999734858332
