x=3.40955635757
y=-0.403769035095
rz=0.826418017848
rww=0.56305706618
