x=-45.0211976183
y=75.6984075849
rz=0.451929880313
rww=0.892053464362
