x=-16.3067771058
y=6.53040302283
rz=-0.944188709774
rww=0.329405039936
