x=23.8206113046
y=-14.0436622152
rz=-0.780189865074
rww=0.625542783857
