x=-13.1099147414
y=11.0914655227
rz=-0.236492442243
rww=0.971633328351
