x=104.790469175
y=108.523144064
rz=-0.899043257589
rww=0.437859818874
