x=-10.5965662864
y=0.227280053487
rz=-0.339691341745
rww=0.940536970216
